w1[0][0] = -2.510592 
w1[1][0] = -9.280357 
w1[2][0] = 40.207970 
w1[3][0] = -0.868278 
w1[4][0] = -4.565993 
w1[0][1] = 16.141781 
w1[1][1] = 15.892832 
w1[2][1] = 6.714363 
w1[3][1] = 2.934021 
w1[4][1] = -16.683594 
w1[0][2] = -1.829536 
w1[1][2] = 10.519773 
w1[2][2] = 16.231991 
w1[3][2] = 0.052765 
w1[4][2] = -7.882351 
 
w2[0][0] = -0.000054 
w2[1][0] = -0.000177 
w2[2][0] = 0.000029 
w2[3][0] = 0.000000 
w2[0][1] = -0.000054 
w2[1][1] = -0.000177 
w2[2][1] = 0.000029 
w2[3][1] = 0.000000 
